0.000000000000000000e+00 3.400000000000000000e+01 0.000000000000000000e+00 0.000000000000000000e+00 1.152000000000014879e+01 0.000000000000000000e+00 6.580000000000032401e+01 6.520000000000032969e+01
0.000000000000000000e+00 4.200000000000000000e+01 0.000000000000000000e+00 0.000000000000000000e+00 4.696000000000029928e+01 0.000000000000000000e+00 6.940000000000028990e+01 7.000000000000028422e+01
0.000000000000000000e+00 6.000000000000000000e+01 0.000000000000000000e+00 0.000000000000000000e+00 6.520000000000030127e+01 0.000000000000000000e+00 6.880000000000029559e+01 6.820000000000030127e+01
0.000000000000000000e+00 8.000000000000000000e+00 0.000000000000000000e+00 0.000000000000000000e+00 6.256000000000032202e+01 0.000000000000000000e+00 6.100000000000032685e+01 6.580000000000032401e+01
0.000000000000000000e+00 3.600000000000000000e+01 0.000000000000000000e+00 0.000000000000000000e+00 5.116000000000032344e+01 0.000000000000000000e+00 5.620000000000031548e+01 4.840000000000030411e+01
0.000000000000000000e+00 5.000000000000000000e+01 0.000000000000000000e+00 0.000000000000000000e+00 0.000000000000000000e+00 0.000000000000000000e+00 4.540000000000029701e+01 4.600000000000029843e+01
0.000000000000000000e+00 7.400000000000000000e+01 0.000000000000000000e+00 0.000000000000000000e+00 6.272000000000016229e+01 0.000000000000000000e+00 6.820000000000030127e+01 7.360000000000025011e+01
0.000000000000000000e+00 8.000000000000000000e+00 0.000000000000000000e+00 0.000000000000000000e+00 1.772000000000002018e+01 0.000000000000000000e+00 5.200000000000031974e+01 5.440000000000031832e+01
0.000000000000000000e+00 3.400000000000000000e+01 0.000000000000000000e+00 0.000000000000000000e+00 4.300000000000029132e+01 0.000000000000000000e+00 6.640000000000031832e+01 6.760000000000030695e+01
0.000000000000000000e+00 4.000000000000000000e+01 0.000000000000000000e+00 0.000000000000000000e+00 6.352000000000030155e+01 0.000000000000000000e+00 6.880000000000029559e+01 7.000000000000028422e+01
