9.000000000000000000e+01 7.800000000000000000e+01 0.000000000000000000e+00 0.000000000000000000e+00 6.520000000000024443e+01 0.000000000000000000e+00 0.000000000000000000e+00 2.560000000000025011e+01
9.000000000000000000e+01 7.800000000000000000e+01 0.000000000000000000e+00 0.000000000000000000e+00 7.732000000000020634e+01 0.000000000000000000e+00 0.000000000000000000e+00 2.560000000000025011e+01
9.000000000000000000e+01 7.800000000000000000e+01 0.000000000000000000e+00 0.000000000000000000e+00 7.528000000000022851e+01 0.000000000000000000e+00 0.000000000000000000e+00 2.560000000000025011e+01
9.000000000000000000e+01 7.800000000000000000e+01 0.000000000000000000e+00 0.000000000000000000e+00 7.276000000000018986e+01 0.000000000000000000e+00 0.000000000000000000e+00 2.560000000000025011e+01
9.000000000000000000e+01 7.800000000000000000e+01 0.000000000000000000e+00 0.000000000000000000e+00 7.348000000000021714e+01 0.000000000000000000e+00 0.000000000000000000e+00 2.560000000000025011e+01
9.000000000000000000e+01 7.800000000000000000e+01 0.000000000000000000e+00 0.000000000000000000e+00 7.672000000000022624e+01 0.000000000000000000e+00 0.000000000000000000e+00 2.560000000000025011e+01
9.000000000000000000e+01 7.800000000000000000e+01 0.000000000000000000e+00 0.000000000000000000e+00 6.856000000000028649e+01 0.000000000000000000e+00 0.000000000000000000e+00 2.560000000000025011e+01
9.000000000000000000e+01 7.800000000000000000e+01 0.000000000000000000e+00 0.000000000000000000e+00 7.768000000000020577e+01 0.000000000000000000e+00 0.000000000000000000e+00 2.560000000000025011e+01
9.000000000000000000e+01 7.800000000000000000e+01 0.000000000000000000e+00 0.000000000000000000e+00 7.948000000000018872e+01 0.000000000000000000e+00 0.000000000000000000e+00 2.560000000000025011e+01
9.000000000000000000e+01 7.800000000000000000e+01 0.000000000000000000e+00 0.000000000000000000e+00 8.092000000000017224e+01 0.000000000000000000e+00 0.000000000000000000e+00 2.560000000000025011e+01
