6.581721878372306378e-01
-1.942765179995642189e-01
3.581409409594589199e-01
-3.096113458998174250e-01
6.041891955122240948e-02
1.062073397570682531e-01
1.000000000000000000e+00
1.932593662937180101e-01
5.037508075307717270e-01
-5.272842994003223982e-01
-3.247102170745722050e-01
-5.766421316583821843e-01
-5.564777756146994658e-01
3.385490171685850980e-01
-1.023143510608358064e-01
1.004626589834491379e-01
3.470822773047613774e-01
-8.944015652934893534e-01
2.773175836022516716e-01
4.109290768444882891e-02
-4.810785111611028120e-02
-1.304863545061431263e-01
8.306847813540806369e-01
-4.797628268061715495e-01
-1.654462236989939217e-01
-7.114301946567261892e-01
-6.789023540821887970e-01
-1.072323989567707248e-01
-9.281667932270269983e-01
7.943132608788323612e-01
9.180943415824143194e-01
-4.061666728164138318e-01
-5.809337126871753076e-01
-3.684414028099420313e-01
4.255490620709830862e-01
-2.934767490947597368e-01
-1.731542272027286611e-01
-9.032493080789217865e-01
-1.957393107946433786e-01
2.064600848497714358e-01
8.735774370296106595e-02
7.775345636759138923e-01
1.884413433035716234e-01
8.070753663552957535e-01
-2.880889371486167749e-01
1.548941000139520408e-01
9.986687212147606907e-01
-5.332772055279719758e-01
-2.286941523935265286e-01
1.000000000000000000e+00
-1.209824470892964521e-01
5.255479303158212823e-02
-1.039692108731634645e-01
-6.728487991231995036e-01
4.336349877514771856e-01
6.278003697165843722e-01
5.829737408402939636e-01
-8.618816196957489462e-01
-8.722926493458482700e-01
-1.000000000000000000e+00
9.961537269429696639e-01
2.167501969130981032e-01
-6.353430792175335240e-01
4.377939312758705737e-01
3.216376154139968246e-01
2.283041367968092761e-01
5.846171986581623070e-01
-5.079272039720640342e-01
4.188732416131013547e-01
-4.007063289215427870e-01
4.063610314361301157e-01
4.148963928976119875e-01
2.260646514095707993e-01
-1.363351960535903185e-01
9.691827318200602059e-02
-4.156061135731192180e-01
-4.996642105368360731e-01
-4.082674321428586550e-01
4.336817335019665931e-02
-7.276753565251401490e-01
-4.820140960451200773e-01
-1.365301763506098776e-01
9.542157312199026076e-02
1.000000000000000000e+00
-7.019714260923031190e-01
8.606112393728884702e-02
-7.895474788422951473e-01
1.764993606854601826e-01
6.973569677528654864e-01
-1.461972993101372242e-01
3.472987092210060023e-02
-1.000000000000000000e+00
6.976174746941926630e-03
1.000000000000000000e+00
-9.190205500471706479e-01
-6.834518476633594242e-02
8.000722274274759682e-01
3.829315204817214657e-01
2.585011219454452780e-01
-1.061521327187792407e-01
1.470535459139765411e-01
-3.885648344285284606e-01
3.919998908952901928e-01
6.780246309753254486e-02
-3.815152158809858030e-01
4.628643428717882369e-01
3.765268724989869753e-01
1.833305088748896083e-01
3.119807994587033839e-01
-4.952266161646193265e-03
-4.914970634037394981e-01
7.619552172821738578e-01
-3.862343203570154371e-01
1.949687493399798743e-02
8.005334232663174898e-01
7.716562373790003537e-01
-1.081820192327284658e-01
-4.925364400455383151e-01
1.590081534926337248e-01
2.779684414186725516e-01
3.216748645312097477e-01
-5.987227823467815291e-02
-4.837896624629872688e-01
1.645869200572169233e-01
-5.564077470777694101e-01
1.466000041528059405e-01
1.467477211436491180e-01
-8.479203369327562578e-01
-2.651727918771359382e-01
-4.829273624743811721e-01
-6.091305471525897408e-01
-9.198915779242073931e-01
9.255830237852802345e-01
3.116936836210859596e-01
8.622901895287051754e-01
-2.504830081324980195e-01
-6.946134533984271719e-01
4.817767314442336080e-01
3.338006369783717564e-01
2.377976878305019803e-01
8.503497576074235953e-01
-1.000000000000000000e+00
4.584720456964908597e-01
3.404287118781974542e-01
5.777363462360123325e-01
-1.310342572863864297e-01
-7.930215314821677242e-02
-1.715529260649871768e-01
6.769982622026063934e-01
-9.910778294685429479e-02
5.564686903403349705e-01
1.094448714468735928e-01
-7.843386888791328837e-02
-1.000000000000000000e+00
-6.626793154493881843e-02
9.382694054981077780e-01
3.471113689345142195e-01
1.929033813092583260e-01
-1.415475253839586223e-02
-1.791494714974165570e-01
-1.763287390372954289e-02
5.568533034565583684e-01
2.023459991226138621e-01
1.000000000000000000e+00
-4.887146028273788856e-01
7.142953898639606836e-01
1.684624819872918289e-01
-5.878081923746696080e-02
-7.362633771414470729e-01
-8.621560463278454822e-02
1.327740848858289802e-01
1.595060191314611187e-01
-4.234930036421983290e-01
-5.008042828487639930e-01
1.000000000000000000e+00
6.157267208215146947e-01
1.055442462580953589e-01
-6.073034096943202842e-01
1.035473271293781000e-01
1.000000000000000000e+00
6.358177069778532253e-01
-1.124034046515439700e-01
-9.715674030880558365e-02
9.485701863382089982e-01
1.000000000000000000e+00
-4.464627370641763848e-01
-9.008321423879298573e-01
-4.173259980645748213e-01
2.055918545195038472e-01
9.191917647932821289e-01
7.117736277286438318e-01
5.866830202306107245e-02
-4.231334839299865092e-01
1.000000000000000000e+00
3.476006247936089810e-01
-2.281013021193520618e-01
-1.000000000000000000e+00
5.435011887187066737e-01
-8.659198237712674162e-01
-2.690738424527617245e-01
-3.874546423010776230e-01
-5.588308880272623291e-01
6.597571775679994532e-01
2.198240833880068523e-01
9.704211107447531515e-02
3.833272660507431873e-01
8.901561980619460135e-01
-1.882462386065727467e-01
-3.288244468391794406e-01
7.934551971140330062e-01
-6.261327782547004839e-01
-1.000000000000000000e+00
-3.081710153042438102e-02
1.267584225449858160e-01
4.669024839096365120e-01
-1.449823406387658054e-01
-1.993092399840405426e-01
6.661186534887078015e-01
6.089960179848549204e-01
9.549399225864294571e-01
-4.565339445691383169e-01
3.598224418481834469e-02
3.603275801589922445e-03
-2.446368594936005891e-01
5.617906126609762962e-01
2.023990072538044971e-01
1.000000000000000000e+00
2.315866830810548449e-01
6.713932516310381349e-01
-5.955031979898235683e-02
5.058179227596434346e-01
-1.664724976050849237e-01
3.007938435844000336e-01
-1.000000000000000000e+00
-1.973129337525363070e-01
-1.208560575486473943e-01
5.493654591445471524e-01
-7.869113646618297597e-02
1.558112889727705230e-01
-8.404420704395669794e-01
5.004971434824264515e-02
6.118427002529146230e-02
8.833605563045193731e-01
-2.637084806151172023e-01
-2.563664631201155175e-01
2.027859574354435312e-01
-3.066148472817299409e-01
-1.000000000000000000e+00
-3.923187142601094329e-02
7.672275290270468007e-02
-4.306530934352070794e-03
-1.000000000000000000e+00
-4.124032623742114323e-01
8.488528926421350373e-01
7.014308552565340360e-01
-9.379865967816997108e-01
-3.097773929082716649e-01
-4.917599104635990148e-01
2.604885953702755774e-01
2.066174856828382755e-01
-4.508974909133345865e-01
1.000000000000000000e+00
-4.334631062876634355e-01
8.782179015032086644e-01
-1.426206652210949000e-01
