9.000000000000000000e+01 7.600000000000000000e+01 0.000000000000000000e+00 0.000000000000000000e+00 4.948000000000030241e+01 0.000000000000000000e+00 0.000000000000000000e+00 0.000000000000000000e+00
9.000000000000000000e+01 7.800000000000000000e+01 0.000000000000000000e+00 0.000000000000000000e+00 7.720000000000021600e+01 0.000000000000000000e+00 0.000000000000000000e+00 2.560000000000025011e+01
0.000000000000000000e+00 8.200000000000000000e+01 0.000000000000000000e+00 0.000000000000000000e+00 4.900000000000031264e+01 0.000000000000000000e+00 0.000000000000000000e+00 0.000000000000000000e+00
9.000000000000000000e+01 7.600000000000000000e+01 0.000000000000000000e+00 0.000000000000000000e+00 7.468000000000024841e+01 0.000000000000000000e+00 0.000000000000000000e+00 0.000000000000000000e+00
9.000000000000000000e+01 7.200000000000000000e+01 4.000000000000000000e+00 0.000000000000000000e+00 8.380000000000015348e+01 0.000000000000000000e+00 0.000000000000000000e+00 0.000000000000000000e+00
9.000000000000000000e+01 7.600000000000000000e+01 0.000000000000000000e+00 0.000000000000000000e+00 6.772000000000029729e+01 0.000000000000000000e+00 0.000000000000000000e+00 0.000000000000000000e+00
9.000000000000000000e+01 7.600000000000000000e+01 0.000000000000000000e+00 0.000000000000000000e+00 8.800000000000011369e+01 0.000000000000000000e+00 0.000000000000000000e+00 0.000000000000000000e+00
9.000000000000000000e+01 8.000000000000000000e+01 0.000000000000000000e+00 0.000000000000000000e+00 8.272000000000014097e+01 0.000000000000000000e+00 0.000000000000000000e+00 0.000000000000000000e+00
9.000000000000000000e+01 8.200000000000000000e+01 0.000000000000000000e+00 0.000000000000000000e+00 5.380000000000027427e+01 0.000000000000000000e+00 0.000000000000000000e+00 0.000000000000000000e+00
9.000000000000000000e+01 7.400000000000000000e+01 0.000000000000000000e+00 0.000000000000000000e+00 7.900000000000019895e+01 0.000000000000000000e+00 0.000000000000000000e+00 0.000000000000000000e+00
